0 1
1 -1
2 -1
3 -3
4 -38
5 -135
6 -4315
7 -48125
8 -950684
9 -7217406
10 -682590930
11 -6554931075
12 -903921420138
13 -10496162430897
14 -132415122967127
15 -3606726811032345
16 -896549281211592008
17 -14008671728814262500
18 -4425739007479443851340
19 -78027347323120100544210
20 -1453862705015012491969588
21 -28546550194895141426035746
22 -13549701486233680491617279386
23 -293203046758473868040798712939
24 -33192011164129612061884461058324
25 -784751245717504489094669220278650
26 -58019387333625445996404316819360150
27 -1487972840836133472238358474853515625
28 -1149880558839796677441958819577811352710
29 -31793280592893873549042044438293882744215
30 -28237837593644250073757767600656232481115975
31 -1674618448253514958140814804456119597699209625
32 -51332689231207754615209116374716687763667261840
33 -1624918270365278327565830565191616091140509820360
34 -53063150282415512396774117335623130206532369433160
35 -1785951002657613024156486106049749291969546052126700
36 -2290223183373297367721901104745827456583622477410802680
37 -81667899387532803333709360570526823203298249039492187500
38 -2993981726178433650753552962179816561101403533762500093700
39 -112757838928866911224815639124333973127552771404565648185550
40 -178739584429936557311009255896687415611227730630388557271495640
41 -7089439134515848537847648529977504899707492830774467122695947980
42 -12396396688211675894544907379321038851949829892181599666604193560980
43 -516500914934788935787286243202486571878562558874742762111990161561070
44 -22037192063434771448094414902918771111998285080094307202284995289113204
45 -962302561520314292746017523990204403425693351431180236364166922069681970
46 -2020257205050355985073938485686403887265387023221890737966182381145004868130
47 -92262943230626932617976411703838465092090672826669413916697633710589599609375
48 -30141206817238701772396475483521876346259156554670101699528770939112340619977816
49 -1436847352733765312397953828741519042909790862340942189293716844585317898386725484
50 -69933248497142119052595418274201888208375654457974529056203981237942857889200297100
51 -3473729774181909795128419403709472085946678889622043036127518130667789243707299851250
52 -9329256107107640761859415509589972170926115838623006828308619153200984180018074667191460
53 -482075827612581531050275013067342930422814718664891334289873187078960800770478978680573690
54 -25392991858711204782285868116891261419343038407866434629087532581079270232818050531770192990
55 -1362968023905304076389335869202825396808959589344023341808963846225318761863327885530388992025
56 -74521165487819856510537614641757607207805110617448430954504412819801887233348609872740792648380
57 -4149064413181677143454175124222934510536222842647690101421280070111792584084180161318347167968750
58 -13874229640076419367615970243790491134809567433542593349184218926194883900638312569587788583549270450
59 -800232570192961798624091129938790732764150973645262272154454422416873509100528870179117412299768284675
60 -2864331178057427898790058312620369416431278452778361305546956695759885034725852817222205751440190416517490
61 -170940050993864302990652028878140644705042159361779687608280801673365574755040664526370364791402746049296405
62 -10372553036512536300190873762484606683147026398457671275138654240054698224476047560008764387036308095278353035
63 -1279559663638439160596163965969901113906169784466950868611118263551340166311855663947624526989367410002536241205
64 -80203641498618518192190378337082364412415564777352609869707323338995696368652961133624637410391791330289718068896
65 -5107466689688401082538625986414884421540627107972465144511675235711167098482609826814770704986221041897972130010960
66 -22134127811122663714191468742765993587249315386456431234570744915720464954602186637060031108449394649701387235936966640
67 -1453821519216322520023652258363139798767924990068721477839119121131281056681537638228567460283327267868966090087890625000
68 -96945026052793491328870739148273864007310555487181468923843466133002202348389486169631028557157952649937500977148729655504
69 -6561571781805446672000160929709394985937346222479439016455230448273568389160633117755060687792383996486406023750166643104776
70 -31997903796187543822068003121992186150873709517152695993977133288951670871651259500841139774888108149673043908716239804183566760
71 -2229757046627286685142866554985403760769438392936960155711510512858130089016309850918247992239439497162476431501726069032113860300
72 -11505554496188401256169683121049354625074000288764468489404690930585699032800403160684190444191306605703324731421726610425035699742256
73 -824781223434340882518218556666545854218275100655090350434647965623642724695273925002060246027964347879408811264126557280513803040592344
74 -59950027572548919590005796615442041597920887657176635448281619573343169525832891903459157907918432463995681835735982703642604844803068984
75 -4417505334522347039273362295811212942983749129484500298793271463322234944599099267917624754810257894068091204855599107306367241602701506100
76 -329929947737395759537414797392697292567215802645056185054714420570458335295059146321384653433621317919685263367115750248664864717296487304120
77 -24971542771666517596061329289177929652520744302023580924894109670704797986490076940509208727687718843702671978042360655231769895553588867187500
78 -151286143637090169002273136994285013624205468657702631780280835976407553666776592721995870773278957211572934577948484685473277426208974257161333900
79 -11753167634555018702401105463144699890437136274943604075156947432117428829673793667819121178436995096367836488217040192003528536266584977973460221850
80 -2774527211499238083653599093653652046673684193639366648475619083743930704445847799377736137602457904488257851500754871828676101680155859027535674069040
81 -221099914328181692657123014386095099009947840260978842333019188540738742672604050962576410959612755609472801484210258556450217230325907774000218345795480
82 -1480759562378095195818695644315201148994988502573283289554125493481063540493018937738054701373662941905518422017132990980221097953213636250896560715741555080
83 -120963381497212912731392010293866586165394368930026331944101452289103432525427427655667761441674655138700580475176943317479526232186018256412207269703274535820
84 -10002524263693898241443258090612232302529164752922429316550416303084669889575484171397849825177913634725230925864263607623394549714064351694453563349998261667064
85 -837120594385677923302278376474204076834538588604515327936034317284109261435886872617515692094847123941121014487244931040908969751793287207411249374284088269673260
86 -70896870727596188995528656367902986179906719184836053053328086501351596951609961441482548828461536561451165627949082269273307981799330777270790857106683678654085220
87 -6075277260907972274060197091371384039080025261921181130725914302106945040910600349623629172088413699438195286146190497244385588194877968804487444125765800476074218750
88 -46874421304948760781515485237250627025994462048092302580554604857538158519325438399582792921913278913437766651388328278825487769789888581422625182312047276429147741560168
89 -4110537733282504643723906161483627781647799094049359134514837640528270845640037428147014264402890324480332171082346413141935972094933830527721668422744007679632503491042452
90 -364575702001518034196275418259069258269019108491742496284600661749320610885335511677412719264585412927964386066114781218138742954148829595742267273953321741547102604898305540
91 -32700009881131833362353913533721885940078991538829884576618450593630456604655473824409690699532387944379002394962567808162966468999600991178489817254075085406827439677100020150
92 -2965685380029880333717326986960429232506768834621588169956473962106320130608614529010173658061839599345383573171467122313518515039439323104510638624858645721962105853499060694708
93 -271935828988061019869018619217691220574148108210478352309187256525508254380613741938687572461797327487414548197015332943345682808614799867588510148166974583191237922187706322303922
94 -25206946134647933367180993268904827449781699842671056230833574168632220307392021678414643361916316591308151165064729237793143242258183392017609391220325638238300403474881657637205422
95 -2361760602602017889463124857409959431093463196426323123892686996300850627671838212727823469684271019248966511461705221553981943482486200320095851999420357278932130172602527484214760905
96 -21693796220446458555543380370041605274017403943885450189331649731264781294961888322586613611101101229535665084959835685907622887302578683213392964789414177111180595484616975102779395684272
97 -2075999876431326853844108794937684797197455499972611509572726964118817859655315234657763503962260535209038607588086761354534438343653380229394046904638061349244334708314254207611083984375000
98 -200740697508138126606178110284185786347934086251357209304381338548004033523430867931284086525177909522998039419940329912349579045073763106064779343894073478237975006317192513616820187586426200
99 -19611615532615482440720302832097589351177158635835684667000453173418534004039782773614543146756783138621369241980318447495567309773506680827846708262908101406875441395485355267504514366954631300
100 -195495591636794223452266234995072432387735841191742967889455607372534569304085220728483737034370054706236558969239965448779456169861411584262427222169493828165136079647394790121594465312763708017640
