0 0
1 -1
2 -16
3 -177
4 -5548
5 -39615
6 -2236440
7 -40325915
8 -1207505768
9 -13229393814
10 -1737076976040
11 -22446050738265
12 -4058838484620084
13 -60476452041557409
14 -961082989270516112
15 -32455938583801467840
16 -9864953815464307260416
17 -186195769473110821485568
18 -70295408103581007608752128
19 -1466826914074651849208625152
20 -32069864398058267388495749120
21 -733137515675394141946649960448
22 -402300464948367070730934822027264
23 -9999580414045667357575070709137408
24 -1292649075951092574707353824642072576
25 -34710655676634702031573521045189427200
26 -2900158701166623800156553918247146356736
27 -83667893898091124702511956518101826928640
28 -72422689243841077021062307868560114697895936
29 -2234026920584736641327053310291615401859088384
30 -2205492839537455654357076886240466798323443957760
31 -144879425483512938550526394232004187691571845529600
32 -4903344204854540041706911593009265448209589999763456
33 -170849974577188243057885455740209248016508160231604224
34 -6123755469861422822968127177879454587290186383026552832
35 -225613021673008328501185708949554792351246931753529507840
36 -315890506407739150895414547847416364093878968296093104734208
37 -12269564617789310523611055565321050357898602338328960378601472
38 -488828422865941641904909054464233108213626442006008886965829632
39 -19963903972898515928644212651190281842287228034165405354639228928
40 -34246818664533228596912247591309828202980040282398940441323818188800
41 -1467119226902217548977867879024059622520047025048808437820859896299520
42 -2765649122342984218014602253011066014987862116349477325274497018790674432
43 -124008864519810034445134535021599604359543529030433740407863683617585627136
44 -5684406532038140508172893426660735656702629013204018409058366278066382045184
45 -266248931205133372819807450650385439110683158659307493251584150667731245465600
46 -598633630258984979794332903702515908149911554059235788995444675205103267923099648
47 -29236109506332018817744782545635187990930958708381608780194220165866418774369894400
48 -10199462702237097787790953989685574407629162278276822195695062781180795996204060114944
49 -518517598334563092705234400282555236310408298287891595247071416658581388278457459277824
50 -26878706005576017094899573490234430926702579592409764890854999087012276466760435105792000
51 -1420202859207759387435596088336330041829562075645882930477103013928972493002788620073959424
52 -4052378572191481855972997198118888410370481403312648247550098529562243330714896345891149447168
53 -222221346492509026089229146136962247537599313612387353936545533534963477009234750144483646504960
54 -12408212485206950620414584325926079239103563797225806262013016433867642737510253925425569471660032
55 -705246831189505939962191290336245752094757085006656202046787822997288606138978249322023546970439680
56 -40789387055195846861519003590651409193640773822650014908934870040782995182496414381548842575955230720
57 -2399924442052966169215043103737935475293876272045800394339554546135499832698013068856844016295839006720
58 -8472643465322662879694098717261793739365707064457371815816071594007302065923264877989981875087852452184064
59 -515449356727106302733119836717181837130658651546479752466566655091778409378769594868544589552665294912094208
60 -1944300259363508589896427120673639425428492249783530319359879883787883787041863736788053673602254390086818856960
61 -122173699123648339335355752298808475084232076093819643804206253910607608669476846041898272884863112540688039804928
62 -7799181942701068848672779123760400386002997252011498298352299058298475611035870452820154312887868966101462286336000
63 -1011348364058022423764580413479069340999858459726705912259885609754906791010803396026643958562217971284421255557545984
64 -66583960604457666966217294334985616858142633804856916511587133857580273218314367414317286758873318730832023279326199808
65 -4450260390088424519073718469626974423222507697379830815079816663442522275295614232642893462251204317842366037597827891200
66 -20226734604789252101668776842682741406107104319129841953340844564838699606880269591847308440100079784540547916043570254970880
67 -1392344565576426855978095107131649861182633512125915757583455378299186140204117014295055725185458711564648927842156404841381888
68 -97236973671826169881481342748535344426743704186627316947666553664090245118094784034717992258989008956263745069525278590106599424
69 -6887964070716698688974011107679301223226793632692726489965227987918026713288974524950373017907440911532990029604515632703957106688
70 -35131512933454014365060680320003422886330999430661051198963471239007648662257538149951451342431943070500366879259616474001474867691520
71 -2558871806975521363925185781951711501003710911770471094510631770575634831389710561850130448880761441184408812344254243602504948677345280
72 -13792571927182245149306816293499578722260595806293589137065457766369951499548339356871469686964093429655922728979649854318269851828958003200
73 -1032194794031271582829871779864955081919246443295905597406356580242014168397967561733488453606150920422996062865558634899252073568158793859072
74 -78278603790081879634087427983547275126646346694477907158330269638907409622092393781018851241369614386442381487137015451496621954893332086784000
75 -6014699961946508229669221642377211476544458416150556645769917263010836184525341048816478511592896292783778804448291903230235949875581814204006400
76 -468167000009767399502288937820501850602615565063466837923416376667944397743834055031023837496628063936061983016530025817755026010087664733688692736
77 -36908966210445072942778258391261526777576301432574293020867414301604764236575031533485804311093099385781073142332742753176983854893056534849794342912
78 -232790061012909452572605278602575744903071870030105298289664589675955978030796456914858569122122723006813260196381902139830538393358229384893943974461440
79 -18818115897339548756941723017987302299328387611315652591299878663993748291127882237007745573934941672315262718403818548422314902323329423215592657578360832
80 -4620073456786322142570075828397503960428347692079003701146511556564010402184877868616659958370797649876683427814780203423047318637601299372300967840348897280
81 -382714840073985417827203111894510144457895696466950856400229652459797315867301105991364241510602161854739892740328898015302140816218111828845896836012560089088
82 -2663124441473534804313444056571924031807652947503104835616242409220817444364421051723097448222530856939984499726788255388866260701812616394106631372594061619757056
83 -225932848631367187801425573245184003360312179305477491143684719025441461027341773774541975874538635134754923381471900936578749107698926193742903195680064160288210944
84 -19393527230139273711409812182227149931384545937966104659263908684981636724129996902505589097756748913288232071016948381710432004223944890486327453460058195710305107968
85 -1684088045065833412405373115093016666008338578133167625212985991460817000683143018801912435636794525504968542681089629083186646726705790073954899292049628126519492608000
86 -147926420071926724985680209025878763501614162335120026899583515537262706748632083084621057184803007908144254434878825573351261156290611750642578256749204474418191749087232
87 -13141452625014183977923500688160755804845980322293366826134443223328912344797552392412282630858693935285499531828273840557127079984646551804294358967554907534151154350948352
88 -105073366271464764817129076870533327025475129619370519216890235942283986361421690313220234083604401885609307669239942286990485726677038659145529321827322534480011187314063572992
89 -9544644024656118550393955362600231226310088217946299818492262324305165057808539361719290081562082998849005971746862267675660117075073018425233557094040660970235565204342982049792
90 -876560733042000999086308644935545988773615549425022073967358335748275149288832090396224799821196522171920642785117522371151670040771621736261266616524041284276975178398401696890880
91 -81378180841310148832042708819330038188193425677137183214236619837618170307119682438772376504961643204362821485305934228696441399225571285529602719262845095313216383248542127567667200
92 -7636374833843449207506335047764971248531526198481577133130515688797333062504537620214070141565690572356748071169423363297874347716882912434121908876639781810918404066892520020582072320
93 -724219921874418541038550926529590500764434286035575874990036375123738333938447074394065291260558624566711261390240111022566644137978544863261681970886316090566628179621400860146362482688
94 -69407975060475627442473155150068050249981879116564223885118875681275966979138449378769877196824006489524322546114352634141554093525817061460671694756509447818932130821489738430993066360832
95 -6721352457090379617818720827591661320497243480003265918948235917908050751179526430296646335047481324135466969468611158480466666416197638349707094226662568164156493410755180803313748420853760
96 -63787821478103607541524643511049092480490194505350449878583150197466785631073089818990853898618809444128070584641720494519651183677696668644429755520888355728537564691041932533547108267152375808
97 -6304691361645871825577310341297739478011679658409115024318923531990684309214411571881476770470725680626453559148493725137362522915045661494995950176763450625907522829273271433020376797838577762304
98 -629451284998335204198207760372000349792492314800423635856830346513932728414567604337838428580764465796109273328879890450421798609797864851129511994954289107008474961899732049904029432734241381154816
99 -63473007101535688253167269601483563744584786748661396253373343616122819024818640778516741386581935296420441466876233104026705158959699761000209896578892038679561891957710360779408947581934199822614528
