0 0
1 1
2 8
3 57
4 1292
5 7135
6 325560
7 4894715
8 125078632
9 1190664342
10 137798986920
11 1587893097945
12 258558380321076
13 3497709055775649
14 50821738502398864
15 1578753057237451050
16 443765620067972148384
17 7782162960545368981152
18 2741163034641146039871936
19 53564617257321056932436288
20 1100369599246721379849468160
21 23707239138273946019742313728
22 12293956436663758195043167203840
23 289504668118711330266078105648640
24 35537168442184471378491677334638592
25 908047992197549496275907390926131200
26 72336247462083126933891844988789055488
27 1993253948178820187890153882625566875648
28 1650718861568716382554247873364390249725952
29 48792852122686700750007383648003384532631552
30 46224487601907962626512867343227501135386050560
31 2917831403214152954009792158877627030683400142848
32 95013250958251544547157786635613117473875606634496
33 3189059584544355183368834221393142764657602220523520
34 110232172984110209901233455265101428688159790428323840
35 3920634339536873683849227975928832452100354002166743040
36 5304732974864554007726675631216410685647013007710775934976
37 199296832347327187198912087595996768796153165356524258721792
38 7687050934793213162313567202836168480377977563889278434410496
39 304192542175161102928955178682850039709835980345770276359766016
40 506025352544461661001003307767519704778793399047738664372855111680
41 21037706458838079107959825974192705992590011830495340096786958123008
42 38514746525566457891483187841684756782424206721396319705296848329637888
43 1678343639941553458957607001138443433157296274862373944575539325893083136
44 74816756608219484711858610145925959174756311813314403783630439001706463232
45 3410057662638291021166242829633244773463853962698093686552960822318905425920
46 7465476498056302065075801622621167291792179278765333665228012655557031621558272
47 355213753740485662556203198425690306910635948849123184184008013747040834463727616
48 120798599184030629611630747053876182531288306556498776582893460456990002098254905344
49 5989536880301455587145931774847956045292547801795095568906934516958270170435541794816
50 302973506439929910706134835747638548373784051246215375246628043015029766701876196147200
51 15628809046919701581073121074921964369575247016030629369099259716033197598266201296863232
52 43558119050880295101320679012065312278846959282199402471369419442672087953130890018550710272
53 2334130328560122275277117068034319517677492055620455024838752198132477011847509126653746872320
54 127414259302617009268051150738411928320824270937819159555325096459899439884909983878048554942464
55 7082747502958727104237841973269167657519885294182237074241563286073420668654540981613088389201920
56 400807045433006644716846146457849098753472661439179507304309895747771071392737182287202064147677184
57 23082498261232735429711188220634640427383920420533944511463014083444914855836174968334352572357804032
58 79793014369062862183474213024795929327526996600970101071088913174824491400276511094031020016499614023680
59 4755001569416093655232050865358535001104488650492032167602877441627561590572855286036204130571522356019200
60 17575165614746350124794178432142191682168660561657711156098147719670469749396351576160026324143841423256453120
61 1082512445610153083610457932558050352630456903715521127054476351337320928915007593619229862717620924617345466368
62 67758869916093267144164811430352302922312626385530990085180524868773930390726439351323017715535463824119283318784
63 8618229868236973703635822060255253560974229017821084959104545257755953135178288429035900540851566095491351663607808
64 556699744623077929171753838476186398654607844663143106599177849123156991604033730895645687173281113353316173556482048
65 36517468735329811837579495725485687661259054318047060768997660342220578730673272546621409486750516506803623849120235520
66 162941099183162519441296562690150761839150798354923255157945878882183274124895640197208685296798231476953259584698584137728
67 11014459687059382104127818817616216433018229899513086089982133311892385673282326546586346135102534813511876829739131670102016
68 755575520491627902070680560297014563260405117653436620361668115720189532372257335352708850900623968653332668808955577610797056
69 52587459366866899018887570034519913798936280856668839396922141846812326434409846664311109754895229467335217800497999229065625600
70 263599526319061601808332697530429184539409436762989972081563047180379107310232106470860500304622934886685132337073101269100732088320
71 18873879118963910650708058530806034402582794980129927989683377212049561303994402325287096213989384217865225369316446729462443960958976
72 100029508572999878319558582443243943092274137296231035316346036780050843634003166665277475412621518000236824748163075238164307207031619584
73 7362363155139697635097668385887042112565684445402585120738495679739854501177213051762980433943789891143896125052316429564785167962294190080
74 549251175520706208200692531288888682253378617610410801955578299897432612027054972012635852178783935082456474493253702737311440564584183758848
75 41525151064142141107745985874456931308804286042046624099243220131815376343576927719166577523015596369606558629532562876582301750313146436812800
76 3180986156902844952132568978122877748971834982834276958617082327688712555385216135797950432658031092494972652825635419264601983974954398342184960
77 246858742874937397721198030800470770690615545725716880184626911191316965749699213859480492342809119877918527233678751101233613075315151381748252672
78 1532943892799057238989212271920753538204864688333089579676134408247135979399721592723914133741551391678405737295746266560065855924715842109360039788544
79 122031067774255362483334852293856270916562453505079515524527275799175543768427307945454047231284188007217147932378474992773208428251656700674955420893184
80 29509418442741230704551130720726250016512509592318700638149687191399209713075594340518364509732246028368323654094491288946686971949013549586879279613870080
81 2408171986922622402373779010780711699225935262682250972942446857680750780258228128464527835586634849702360307785592712778752900331478747153433357410243706880
82 16511440827110372373796451349208610830607635223818568031204135767413587309910698310893591341109126782117996446216423352158920548164906477907355047316967814856704
83 1380489549314429515154110589718767528143043734716686325456690427816492791693305075373949100275533457045768582161442983662509712254912973026263757907687986679513088
84 116801334180562379029408601662063013191558793314532517376360472908398172262341343869063153215865367949621081548354953324082894873147395257497471652303141041709514752
85 9999268655870585909378044303577458097975258562373552742082747476560966099739965603387251190848227874541028710232568644883699779776196172824165027163894568705180303360
86 866034235287443677601691812829834942884130921930690163204509227236194309823900816186065442126983627655077806628216321421046376113171723073385913027578328041713225957376
87 75873527591706593258365780262405527629304791231404917556582804967194773542011228483227184731120416571241328780318019462113565017018699454931782418910154473920502429646848
88 598366417173081471656087856473071094816284774176414024715851590231943205631750980065197206697057283787440473586143837664409790531357062239040317000140321852870566323549110272
89 53620448986666389603332907979728454902581146088942314022483852625485605684608260506050703736130444957114662571261391109278621053200342248344382855616537990026146483267017113600
90 4858652221980111943031378477263572054737625450743096419965753411146031706280857712750081583831464008020363763538413092662833296574924660679555878449321377893042483340525709557760
91 445113053099373162956385347617568434014663526688947667724121744514009085937019178132972728175769482942561572844417207887484273042728008772158266202786435872912610169480212285227008
92 41223243940105078881962734365519513617158060694795302866216298395399954971921202111678292006332646535909290262322339105836371182876932120107272032944915657288383411315502400189497344
93 3859051718525661929364425321414552963109297090762735273145603954133562056188184109686457590422278896390399983089995962563402240686938936913758359016734597759032139132204014599824998400
94 365120314478069082814162034599493201168015731257419700391236738787764337316927349560203851542923610047845855789277935542412898935263909406242147217669726472186734509886860588476268544000
95 34910797132663751036943402170712003910972941811126152738705569401527536398805609818328591088736176521912512759109467218274153565865947296752762655575716162086782552999576742499009387560960
96 327171947336527713548567070451110896958242336705224671620081170235297134199592936721976425923399627179483899867351676490753215670943377755580368972539276005134402899073753883211035072113147904
97 31937050879657025610825768532598350762844296772908195709107207534748377589684632804954835871654229596965993618327664776460048884038988339760944711495590142080744207255284425286255812413749198848
98 3149503574562186087834826257285463649001991635509551510584397536196361751520717622191238853415476120878485151688379005249701427489265134800001989542206034449635583542187806756164641080165034622976
99 313742403819385366360011728212094940660855206191767188939197590253095635385603720188244583787244139200703435918962361896143651059782451799601691215754869226575218682529711794302352788332851656392704
