0 1
1 3
2 -1
3 23
4 -16
5 5
6 165
7 -177
8 111
9 -27
10 3802
11 -5548
12 5232
13 -2548
14 502
15 21385
16 -39615
17 49910
18 -36490
19 14385
20 -2375
21 993605
22 -2236440
23 3527745
24 -3441280
25 2035695
26 -672360
27 95435
28 15198435
29 -40325915
30 76435695
31 -93256695
32 73578505
33 -36460305
34 10351845
35 -1287965
36 394722916
37 -1207505768
38 2673350008
39 -3915947336
40 3863117440
41 -2552833976
42 1087337608
43 -270594968
44 29960476
45 3814933122
46 -13229393814
47 33507517680
48 -57287383776
49 67833843588
50 -56041292412
51 31829896224
52 -11882722320
53 2631486186
54 -262426878
55 447827009070
56 -1737076976040
57 4954123399050
58 -9683736093360
59 13380439581180
60 -13267002309120
61 9420005371140
62 -4689223333200
63 1557759934710
64 -310710613080
65 28184365650
66 5229570190845
67 -22446050738265
68 71186377398675
69 -156594157054335
70 247330955447730
71 -286141593476970
72 243824627159190
73 -151727576719950
74 67208419309185
75 -20108836753005
76 3648232023975
77 -303473091075
78 862250830559382
79 -4058838484620084
80 14169975006172392
81 -34645022273739900
82 61570380039689070
83 -81416890166156424
84 80945243684540928
85 -60448303552061304
86 33471264402076050
87 -13353312306732420
88 3634024327719192
89 -604596371658444
90 46437880787562
91 11802457085079375
92 -60476452041557409
93 230478985529218998
94 -620039427871537674
95 1224550286298255345
96 -1821863194568168895
97 2070212997776545908
98 -1803752776054310796
99 1198570059635124033
100 -597728405769818895
101 216896454573268470
102 -54129063280537674
103 8315244191734623
104 -593196287807409
105 173406732097447849
106 -961082989270516112
107 3970388091885696481
108 -11655281168108049472
109 25324209247418510429
110 -41867095202440235728
111 53524497686600449509
112 -53299985399307558912
113 41321496552620543259
114 -24729208159263335728
115 11217055603268694179
116 -3732536063834049472
117 860095713160915231
118 -122717408718016112
119 8172332906336599
120 5443765223302501102
121 -32455938583801467840
122 144475785096372785790
123 -459569718515716346720
124 1089460127839979900550
125 -1981427326991541164736
126 2814759048795236973430
127 -3153459142518514109280
128 2794104477117903639690
129 -1950900362975123560000
130 1061926139016394918266
131 -441709932332446071840
132 135714154867302319490
133 -29045664601342374720
134 3868618892876082450
135 -241563260379065632
136 1545512798280174550240
137 -9864953815464307260416
138 47074452451240707794400
139 -161295811659735626585600
140 414284911498722068852320
141 -822032449084693282974720
142 1284602190867793614744928
143 -1599151929044306063398400
144 1594083840340248793879200
145 -1272055941008503833994240
146 807831639407948575740320
147 -403229317737419417707008
148 154866006850153766804000
149 -44193268995025906201600
150 8829303243889604485920
151 -1102643727493413859840
152 64808657541894250496
153 27361456077246355475168
154 -186195769473110821485568
155 948198128552832816972768
156 -3481690982624209574295040
157 9631661140908738898678880
158 -20705477512558991503862784
159 35300089000990902837248864
160 -48339921267842135256692224
161 53542348378395394719595680
162 -48067874089755730401551360
163 34887476344024057966504864
164 -20316750157774541487604224
165 9363647994571819728960544
166 -3340103218345904133616640
167 889760339554827198600480
168 -166677380249128820085248
169 19593301788429800316928
170 -1087738506483388121088
171 9725198808628092831434560
172 -70295408103581007608752128
173 380523626987174230020533568
174 -1490684273508708509693420544
175 4418825450632896835665115200
176 -10230705862533077864808499200
177 18896400970354344773061870144
178 -28230145414199934833884898304
179 34396085113733371286233939392
180 -34310992903498844566366361600
181 28016118877978374116676880320
182 -18646220894556817764856802304
183 10026138146159018350027264704
184 -4291747853912201984184317952
185 1429095376569859034238302400
186 -356949621496430891753671680
187 62940776233748398324236288
188 -6988461512994425398099968
189 367580830209839258927104
190 191684785790597590357379520
191 -1466826914074651849208625152
192 8410876353715824712171150272
193 -35014923362102709620934061056
194 110725372223774031624673471680
195 -274686477373375454672470333440
196 546405439068975492917429512896
197 -884352715472535654555284745216
198 1175495546065039393505652364608
199 -1289872111604829016731992279040
200 1170269505119940078187892134720
201 -876248125900684876599486759936
202 538476577379758241361989706816
203 -268917029856574779928756021248
204 107455878140074296891636594240
205 -33549731470181178690356044800
206 7887796913878467504919560192
207 -1313708209706408424344911872
208 138198195880599650561949696
209 -6906008426663826560122880
210 3970362021640213327363752704
211 -32069864398058267388495749120
212 194184125181686183084493843200
213 -856098055886272325465106247680
214 2876655696213407697940775796480
215 -7612603953028875702880787030016
216 16225294795282926381927041160960
217 -28281426337257546138262596710400
218 40725765466486891571743012727040
219 -48751914959011385270146466160640
220 48655310102005086992815125332224
221 -40479435244928502467496355778560
222 27985386092781268528869759571200
223 -15972712624938328645732022231040
224 7446303576704902461411182787840
225 -2789869034964990183238501257216
226 819904190015496415545697566720
227 -182073752838346301533323264000
228 28730562024981681852309831680
229 -2871446285098506935525703680
230 136666305828261520216162304
231 86219048326643076388364484352
232 -733137515675394141946649960448
233 4674570261977115112656762996480
234 -21757182183635852198022382366720
235 77415823165590161791404471970560
236 -217685265066975630218300340461568
237 494919409509926095241278031930112
238 -924313279101661271519536318525440
239 1433446895329917127584641395580160
240 -1858976399354572563952464196935680
241 2023984934400506994784383721051392
242 -1852291562401898719752689560424448
243 1422879293163740112385653358557440
244 -913632785657397306138410595164160
245 486775701130055754305656626151680
246 -212775468543249435068818693951488
247 75038570043694665184263461732352
248 -20829602354713872466847968788480
249 4382464812548748682153657630720
250 -657004005148773913528432066560
251 62540355738564018712778637312
252 -2841445872198596513725677568
253 45051060363127652784600153720320
254 -402300464948367070730934822027264
255 2694327813734905413516586467644928
256 -13202435926082975655614421420400640
257 49590589792313985472672368545594880
258 -147654203897780977872858112896122880
259 356694690571381312975548082587250176
260 -710595020618260509179654287872417792
261 1180747569148475389915520253723333120
262 -1649078520469138442583022873186877440
263 1945103777921098682150896949250654720
264 -1941951240882024907965768684555116544
265 1640944323455294639657139385828715008
266 -1170734651938367762129111750690488320
267 701731944883345535036353960392522240
268 -350556888475704119935591169837998080
269 144234985801468209366698710067183616
270 -48045238565376528450623212829540352
271 12635710465675030439391456489635840
272 -2525745767768514043660482568519680
273 360640681178198559980930381905920
274 -32770653627950124741875134889984
275 1424221909846256132087724638208
276 1068638289231641437122480483502592
277 -9999580414045667357575070709137408
278 70182906638468296549280756583447040
279 -361149594757866744347926567462510592
280 1428051407513013187215438850515161600
281 -4488424490350170272182839217683447808
282 11481111285245393541758913762724618752
283 -24302438022185934116340939146023280640
284 43074699186346818778474746885552004608
285 -64457981130676658863439161166490419200
286 81878232116026334247112118949234191872
287 -88558604713916921905879894155140292608
288 81635445613102125734781420284433057280
289 -64067742218423523086611059382350364672
290 42669009892203421989865776172220249600
291 -23980313530873079568936377956189298688
292 11276157221399711220642960856502894592
293 -4382173889107283497685641758297292800
294 1382999141411733481213106120334245888
295 -345559994948467344348165473042432000
296 65788304125056871148356273577132032
297 -8967091956008324907462395930083328
298 779426824159688621801587469189120
299 -32463900879705423076676947935232
300 132099070802197492946295380501377024
301 -1292649075951092574707353824642072576
302 9487992198670739241594662194787856384
303 -51155602986010662796744978397178822656
304 212408839880661513209570061145626537984
305 -702781622758420155636810302457242320896
306 1897607186631379681098156706588511432704
307 -4253110988838709838184850839109655003136
308 8009703057986463459892838177138320871424
309 -12785160679014257208458687874862548647936
310 17400692268922747326922437076233650540544
311 -20268329093851323450684292683394804678656
312 20240991379101988978650701267641433903104
313 -17329425594392115592372032510660013326336
314 12695585602063997856052875942991977467904
315 -7927840567037827693118353889626414186496
316 4193878022192810552953023853652427669504
317 -1862679292869271763946215152582536462336
318 685833729371340473832659789501666689024
319 -205637883310215804296649453100320423936
320 48937267474106755281520151913062989824
321 -8893702649787652463889277813287550976
322 1159574620953706290297161901076905984
323 -96595094371177142567546573297811456
324 3862476094400520491597722481065984
325 3398253921169232830212971529699930112
326 -34710655676634702031573521045189427200
327 265932950301057133006542660019347763200
328 -1499177522213146234996474599410130944000
329 6521801958612375988167427295784295526400
330 -22658180607663024154218595783434312744960
331 64402313128126226238448378404723634892800
332 -152367851261609595955891950129199393996800
333 303832748666105749000179982519238564352000
334 -515299342273084292716867583265260296601600
335 748089827199433263181701545135755792158720
336 -933625300723143877187980887398389928755200
337 1004094703417220647207286697056808961331200
338 -931305558799473812550319978132273446912000
339 744306713428460737322195468888319248486400
340 -511268534652310272336599465470574883307520
341 300517275852548126329225982735007272140800
342 -150157154538175956601514406905343954124800
343 63185919774925361847087173888999686144000
344 -22103080545097129318410697067518859673600
345 6312071725555189145336342019829829468160
346 -1433923527840529469525407712475820851200
347 249276813086722322335279187007583027200
348 -31148022693568080530864769482096640000
349 2490990680217400676179618491164262400
350 -95777151114295506555587017165504512
351 272476404250781585437143289959762665472
352 -2900158701166623800156553918247146356736
353 23151864603346419395683068440538763468800
354 -136208602571537110499106946426227317145600
355 619518898845507626051005413186538396262400
356 -2254938810122181999514413241215475113000960
357 6729982953529477050797743210945039037767680
358 -16760699625650209639413199811153539920691200
359 35279471560662318664791404426556077593190400
360 -63354383026712715317470403074801242282393600
361 97724764881556433353615764206777548339077120
362 -130093694707315242530397845487894191243919360
363 149908038430180735619337532708955819985100800
364 -149737304501045522911260987889651643783577600
365 129644575211057462648300416911813622383206400
366 -97149866953790221351990094577524617699000320
367 62814105876499392679122670339519163777679360
368 -34873292383389865100472855318727767569203200
369 16509018907150248466850165353397445092966400
370 -6600047509762237241689662072342458243481600
371 2198944124128936157535004372923322214645760
372 -599446757896027414108344571680712745287680
373 130261937494506640116097860701954821324800
374 -21702301609010014450789379691840641433600
375 2603391752920920273914751201340450406400
376 -200198176176032091205155064061280387072
377 7412598399581424680531510643168116736
378 7555515098718965106739350337262809571328
379 -83667893898091124702511956518101826928640
380 694827260856052990961147857325121992515584
381 -4258689907478999210790095965429599053414400
382 20213356097113689267262396627565305641984000
383 -76920538683409837460761309681850165188362240
384 240512572715702599775736957981967956856627200
385 -628947988803775818476750068760501286369361920
386 1393568479415932999480852104165403366292889600
387 -2641616363752683037471500828388455336542208000
388 4314455091458615203567265535246873036006727680
389 -6102536072930425689351094403471865611265638400
390 7500858792058765383095916816873437069837475840
391 -8027532322809635489419973711941705840125542400
392 7485028631979957862320038295540079262315520000
393 -6076388162196221497877535987324794608112762880
394 4285987174498397743366664674465739869677158400
395 -2617465334008117860732406995269528955220131840
396 1376791532524496432504754409910552812427673600
397 -619224030041630801057105060601635643850752000
398 235780590262701434466038791928285408306135040
399 -74988095433599459585123194721831146959667200
400 19554263122462602757006794407985117313105920
401 -4072307971728253754056563723208466261606400
402 651349215376362074709906694357653651456000
403 -75132267322452533740244196160229949308928
404 5563749123380980564659351512794414448640
405 -198652183947862299936481508349217603584
406 6295233952966624086766016730138166773055488
407 -72422689243841077021062307868560114697895936
408 624738587696094659455857149022128379552497664
409 -3982726254508104159388402027504621885497802752
410 19692432961076045686434841708931699769574195200
411 -78199578899983492024943506568935957756709437440
412 255633264753193543043985481792573538191991930880
413 -700336513419658350970823281840204510094355333120
414 1629358314877092609793670251849835880531214172160
415 -3251171842014634213571788324357044282386468044800
416 5605078308094561160871985952861136148554433658880
417 -8394471466577958485240051754558441638139105116160
418 10962914587576192327180415512131887146579189923840
419 -12514931321105393046463210724042088214023367557120
420 12502745115221978315333362599491497652258874163200
421 -10930602262687300885330751291653156293628990586880
422 8352438834117173803720262772496837020049012162560
423 -5564594026573044528401677579098144273430153789440
424 3219695498240056718769226919088044127008241745920
425 -1608989267041259797603298960914146691921005772800
426 689234548884668579001641842313296098645969469440
427 -250521080003075147550822260120804356893683220480
428 76215117363482665464776588970499472482652651520
429 -19046815562098046055099252850518898228183695360
430 3808083373105336006082219883167086353265459200
431 -585677450700988257623922390857894172964159488
432 65056616169164987013908482302518386162139136
433 -4645664971956747950171022160640995925950464
434 160155692806824420093664256280765401137152
435 187174506446837112575395394901709321784819712
436 -2234026920584736641327053310291615401859088384
437 19990184098373580832247306671088932065703919616
438 -132353946877416541994510702942658916207569666048
439 680637311599635213826216196501681023250518671360
440 -2815571566741670713321390625212451424608908738560
441 9604499792411210526667694710837867206225106206720
442 -27509202837038342021442255458169415902610422497280
443 67049861988073372753059483086854824587559035043840
444 -140480415417245662021348968233843313644233162752000
445 254940134932384813320821806287951007218129755013120
446 -403027346708507000931520597195338727441576993751040
447 557306034306328884777570694321540607154110925864960
448 -675970369199173954033491338380695170387934975098880
449 720336592212428863357305489537795845836944283238400
450 -674744449488923217887229761610483946436677659525120
451 555258087076515595993945847785882885762678668656640
452 -400754738037237598612987294263562063832788877967360
453 252958843626707849703866676966697199618781956014080
454 -139053552741839073786029883521488312975760346316800
455 66184233916476658618814720254574616315758704066560
456 -27063582176726866348016891326712910402070637445120
457 9409682351409247141766901364947969811871044730880
458 -2743492765869441113989994071518282647274667376640
459 658218196462204188774413311325154153909033369600
460 -126541401798758548390699536277540660948827635712
461 18741527365587305995650390131797914726835421184
462 -2007489339373581398582408992105797940534050816
463 138413447604743315898962645535514272253083648
464 -4612721810805014059180909727702485366210560
465 178333884442013533959214960847565151746365390848
466 -2205492839537455654357076886240466798323443957760
467 20444664360695363553872296165317041702724775772160
468 -140391239988604762267129762707913250968161007697920
469 749781668187760551790966023302436449165050587709440
470 -3225784192750272738638335076338119932105039888252928
471 11462612455611254853340296893123133615200826944716800
472 -34259310576738786297790466074533844035409903799500800
473 87299158471500980286661678703779312698628758862233600
474 -191618043015487394544183419071484855945622934467379200
475 365133964509760627003454924937216642651481467689041920
476 -607614776116443784711933510099705390954522596055449600
477 886893572727645296432038057340096690840261814843801600
478 -1139020235263667916066543222323211944719617662858035200
479 1289645349503517011483846728105565309228375920002662400
480 -1288560144687053972434113142655526254292795809055375360
481 1136122339727117672835922261276286256359308898441625600
482 -883069698283067105525474461294278155623331792525721600
483 603850685395597733813493321200092321832405872882483200
484 -362119147727442612466627146383024505501313113941606400
485 189590976564966043130588334926176599112276390308741120
486 -86140388101804914567984587547853580930411785931980800
487 33693791409403343468159577702405937757238927871180800
488 -11227200210551708453859862984948290107947651537305600
489 3142570571378678959099545191576310476546879206195200
490 -724986139353364425252792363628652921901164462604288
491 134218588850095997508539823378445158238025165045760
492 -19169034478224808912916449333898850979817885532160
493 1982517655480344663668336221552363154815498321920
494 -132137634677699240997955553716027785985067581440
495 4261593446455019264097243588975482486483058688
496 11319245010636796782258025226906950575872019398656
497 -144879425483512938550526394232004187691571845529600
498 1389652231845972860045896771526085278501710900101120
499 -9884392946961145017718251244229432258376138898800640
