0 1
1 1
2 1
3 5
4 8
5 -1
6 27
7 57
8 -15
9 3
10 502
11 1292
12 -528
13 212
14 -38
15 2375
16 7135
17 -3990
18 2410
19 -865
20 135
21 95435
22 325560
23 -232305
24 187520
25 -101055
26 31560
27 -4315
28 1287965
29 4894715
30 -4262895
31 4309655
32 -3099145
33 1452465
34 -397285
35 48125
36 29960476
37 125078632
38 -128928632
39 156670024
40 -140927360
41 88097464
42 -36153992
43 8760472
44 -950684
45 262426878
46 1190664342
47 -1420184304
48 2016292320
49 -2177739396
50 1702270332
51 -931648032
52 338670864
53 -73512810
54 7217406
55 28184365650
56 137798986920
57 -186936865290
58 303703066800
59 -382895428860
60 359262650880
61 -245825378820
62 119164706640
63 -38803000950
64 7619823960
65 -682590930
66 303473091075
67 1587893097945
68 -2416826727315
69 4422297362175
70 -6374976972210
71 6980267316330
72 -5732457323670
73 3473939027790
74 -1508396637825
75 444339272685
76 -79612742055
77 6554931075
78 46437880787562
79 258558380321076
80 -436683783190248
81 888741100929660
82 -1441937510633070
83 1804827466096776
84 -1729486734700032
85 1257840253084536
86 -682750978469010
87 268179638969220
88 -72078401489688
89 11869626289356
90 -903921420138
91 593196287807409
92 3497709055775649
93 -6495589851083190
94 14555536767322122
95 -26249943776321265
96 36971318107822527
97 -40494742282519668
98 34363338021518220
99 -22384323768661569
100 10991091444691215
101 -3938921674602486
102 973005811371594
103 -148201090063455
104 10496162430897
105 8172332906336599
106 50821738502398864
107 -102988034105173217
108 251976619502543936
109 -500046750958591837
110 782693529689703632
111 -964569006225557733
112 935535434324434944
113 -711023147031544347
114 418970356405865264
115 -187692441534528931
116 61821186119236544
117 -14124591450896927
118 2000757995572336
119 -132415122967127
120 241563260379065628
121 1578753057237451050
122 -3468347338313592420
123 9200359284096033690
124 -19924584625816901940
125 34311806504221231986
126 -46988737875983603700
127 51275350058726169090
128 -44539981439939451180
129 30620778381392829630
130 -16461773859565990956
131 6777817680636243150
132 -2064798442546623420
133 438729055025565990
134 -58073355854498940
135 3606726811032342
136 64808657541894259392
137 443765620067972148384
138 -1050976389766688109120
139 3004565322752612361120
140 -7051206710027293719360
141 13248938629480406440224
142 -19960503346209964329792
143 24203418993034123883040
144 -23653464200856712347840
145 18585375496799455549920
146 -11657169133744373663424
147 5759693669465289476832
148 -2193344868177777961920
149 621401900445445146720
150 -123381866537814682560
151 15325818191986259808
152 -896549281211591424
153 1087738506483388147392
154 7782162960545368981152
155 -19771777981152437524032
156 60603507262388108484000
157 -153211152785041937436480
158 311917617359069564422944
159 -512699878201374703484736
160 683898770663559878677536
161 -742659701142038825745600
162 656502193173065460180960
163 -470612523055634124944064
164 271286113696715230984416
165 -123972523416924880291776
166 43904471022150511701600
167 -11623388506736547948480
168 2165718264382506085728
169 -253388757170439512832
170 14008671728814262272
171 367580830209839310390400
172 2741163034641146039871936
173 -7439086137698487343921536
174 24337802513839952891941824
175 -65940975615371416817328000
176 144595556952885598831992000
177 -257502777279718398823694208
178 374738097740963050333856448
179 -447651105279862439665936512
180 439703180608838566560712000
181 -354610970374312031991811200
182 233624569058302180822809408
183 -124558021943436559291701888
184 52935060905659282801292352
185 -17517960232190973612432000
186 4352078676522036871732800
187 -763797023096644024091136
188 84454267865884326014976
189 -4425739007479436017664
190 6906008426663826782950784
191 53564617257321056932436288
192 -154685313008524799108334720
193 538026747319062495865239360
194 -1555312534916470483202610816
195 3654617576778067068827984448
196 -7009590755885544523363841664
197 11051665833995674284097197120
198 -14402833965693450845283680640
199 15562370722583122698869056448
200 -13945618728127118542059941248
201 10336329777483805927264265664
202 -6298244393842670954296260480
203 3122804144778421318938206400
204 -1240143239084869189656344448
205 385123493078332264236302016
206 -90120642994939627376076288
207 14947307481705341768110080
208 -1566608640281391459205120
209 78027347323120114466816
210 136666305828261523598978560
211 1100369599246721379849468160
212 -3369940174123348273573747200
213 12417938430098363665747104000
214 -38150215504127143094932062720
215 95633038914114088355375197440
216 -196543533564092757914315604480
217 333736753572677220576021484800
218 -471199764264610086108549619200
219 555438194385983879581215804160
220 -547522232490295939005416967680
221 450917375483997544149119988480
222 -309107972827594488288801216000
223 175159519788332161272841670400
224 -81154583228079251240165660160
225 30243157240119392263541548800
226 -8846377665696525978401372160
227 1956349633351220583804518400
228 -307566086758480120591155200
229 30637801046762643490078720
230 -1453862705015012060037120
231 2841445872198596898297431552
232 23707239138273946019742313728
233 -76763519197518284174083514880
234 298743618791276116364576400640
235 -972005628503117162221065792000
236 2589187567112316190036353560832
237 -5676464204621735475063226132992
238 10327864681688623543944876407040
239 -15704132548716015154014286149120
240 20054889580891177415044606764800
241 -21566791880838833851720646174208
242 19538089883706567559738409611008
243 -14881954928165000197903900413440
244 9487287414714178732464419224320
245 -5023639104452066187891904089600
246 2184156301818294796396970963712
247 -766667680895547380119903229952
248 211934445216822789487387361280
249 -44425799581138561916301475840
250 6638169362909985942326476800
251 -630008670898112296164261888
252 28546550194895097281118208
253 1424221909846256325581520526336
254 12293956436663758195043167203840
255 -41972321757264237637148601332736
256 172030811397185620514224610746880
257 -590950914394376835844166812861440
258 1666946747897310378495501981374976
259 -3883274764530953578337129148810240
260 7536719819202684491419277120285184
261 -12279079113903255502024671900810240
262 16887666641213305291713482526430720
263 -19674656958971530304581831918623744
264 19444666499992338140439837031687680
265 -16292129460918570475750558563675136
266 11540459945127743958327907630947840
267 -6874749431105697325166746578693120
268 3416003378988298145160036965961216
269 -1398917723525502402295807759872000
270 464056668218190717817725084401664
271 -121595520959855664089956068884480
272 24225453986432358520566149283840
273 -3448765430794430666921459318784
274 312537987095758428277802270720
275 -13549701486233704956979838976
276 32463900879705421932719091237888
277 289504668118711330266078105648640
278 -1039543771246971275235355690216448
279 4475971257944525938893731064122880
280 -16188184010116950559748661780536320
281 48205764522014015379661280893572608
282 -118913287545339562324548176388480000
283 245225335175828844786572159683610112
284 -426180378288109079514425025552737280
285 628018930528463026655839384498076160
286 -787960746949125003930383135074583552
287 843660718554927185414208343756188160
288 -771152366656230529126354938991899648
289 600874215630717917966542876458037760
290 -397721834695988043425264457700111360
291 222329636385065060306538422051209728
292 -104055886975253656736732364394106880
293 40271271330146016532601882907082752
294 -12662686302452556948333724906291200
295 3153498420734227581305846518251520
296 -598584200717528572405758581276672
297 81368744533096253431327311790080
298 -7055313209628266994095796256768
299 293203046758473555655880867840
300 3862476094400520975819528254513152
301 35537168442184471378491677334638592
302 -133906247630936338113709186379194368
303 604297181549541536627335420418363392
304 -2295280391844075792960299800463351808
305 7195484985161848748721195254424686592
306 -18737106440087942672291612732738183168
307 40914928053049391871563654617771855872
308 -75553407037466691848227868409773088768
309 118760959028559745076917375639226232832
310 -159653320681611273288970950458135666688
311 184091325741866518562664059386069757952
312 -182294660140295857834201572325632401408
313 154956945390961406468944203310291709952
314 -112824651211234838028356709173199003648
315 70078243731351989115001260145602260992
316 -36898468079924041114904749070737440768
317 16320440391567452481087221404588572672
318 -5987034290941502027145878554875527168
319 1789213053008274212918543129386156032
320 -424528414716145154479151416552194048
321 76944879940169974371846970138427392
322 -10007632666455177124757999104032768
323 831792633550128573241010360942592
324 -33192011164129656106762694033408
325 95777151114295515922943588060422144
326 908047992197549496275907390926131200
327 -3583081564488660994606115150201856000
328 16912357403888807902536007605994393600
329 -67309113054428377001696916537027993600
330 221580958314017443864325451767482798080
331 -607407106618769317294942219674673356800
332 1400103125142641119541289383411175936000
333 -2737602504523581522398142250669806182400
334 4572251151933720498619775967339893862400
335 -6556496498991844826939220283628172533760
336 8100233346207885229586983105799172403200
337 -8638308406612155755628817866146143232000
338 7954865537878794471497383640762625945600
339 -6318566482942093216229299350477403545600
340 4317119575235362722589978025814837391360
341 -2525688878217827899569460303127674060800
342 1256778338376100538219626075540193280000
343 -526905781089943873430844981838767718400
344 183709771941777605810615479590872678400
345 -52307044052874854008274355820670484480
346 11850725256830731536985595778904883200
347 -2055118681811648914971572073136128000
348 256220189554005756094410749745561600
349 -20448581422040953216284524911001600
350 784751245717508472544618302406656
351 7412598399581424617975328003460972544
352 72336247462083126933891844988789055488
353 -298336662913543885383915337922630041600
354 1470014284570753638834915442922644889600
355 -6117500658883116485145723875404906086400
356 21099830047299254169076188534137237626880
357 -60735557862084634165811304671582049648640
358 147373196749184942800808604868807516774400
359 -304175233699479330503951673838742392422400
360 537920066544110142406135682025506741657600
361 -819590337299939800474707548297088992296960
362 1080085270645779999141891396687377679687680
363 -1234121892767704337981681186603201962393600
364 1223915951856652633899631885718964751769600
365 -1053182022721439459908518742381040266854400
366 785002396509923243596125000448599548764160
367 -505187342879566480139866269818050111406080
368 279313187086615785494923990465130096230400
369 -131740889271655593884502486869921392230400
370 52494515199517588729816040370823862681600
371 -17437752981944866029451211290969825607680
372 4740871868838690607543679767028160266240
373 -1027689097819011694381147007221340569600
374 170835581852639071412470888135235993600
375 -20451290234347522155508549149943398400
376 1569714667840231885229548724138541056
377 -58019387333625624014271865251954688
378 198652183947862325401071853577584689152
379 1993253948178820187890153882625566875648
380 -8577368365799169794141677006978422030336
381 44042706242856055655009074317806502912000
382 -191286441146518389537732688789303009689600
383 689819458717781386983528553527209924567040
384 -2080314902892190712011300590852898538864640
385 5300440834075710224225018425618352547962880
386 -11516142614505233845114660429047418583040000
387 21497710106442812345926923356091582665318400
388 -34681902064651683914547371698546623945031680
389 48562335969109356170414209002098175497134080
390 -59188002653625745383616247093671757178716160
391 62891936333473153720802585978318168521728000
392 -58282120246822398023042531108194207429017600
393 47061776254665655835206230067497492010721280
394 -33040091919421591157359530576626331153530880
395 20094419008891935510093215637083733751234560
396 -10530872320086539535842827086890778230784000
397 4720763215006266817212998325413618280038400
398 -1792183852360228151398368799016734886461440
399 568458381074550235938074718429943525539840
400 -147871653081814840166762432300480704020480
401 30726484066695499366934858133021917184000
402 -4904505395773090504665088185943562649600
403 564660763165171149677160698619151515648
404 -41741790160583652523459408290065154048
405 1487972840836139284262002515861569536
406 160155692806824408583261669366697698066432
407 1650718861568716382554247873364390249725952
408 -7399477964270370137673521158744282969079808
409 39529686179958300820398190064733184128417792
410 -178868394653217829982956579038628442392166400
411 673143661801613995086549837024323571664650240
412 -2122421702885764975434220577420098546403573760
413 5665462534158153070668283382780100629317386240
414 -12925057317311025349801721373978749585403740160
415 25398250638282175775045144222018022226405785600
416 -43251713537013330423902182487276007137483489280
417 64125358905943245895395874075613779675865579520
418 -83042042795031574221940735825100720156390522880
419 94122264167749393400300122195981126165517598720
420 -93454380067172493529362416382982382138656358400
421 81268174183757705117195881196394736838580142080
422 -61809939278857800990220282013259834223940075520
423 41009410334246700319215227463222052978195169280
424 -23641077384426433188394092262611460417514373120
425 11775369762435700805729437097107515145558425600
426 -5029202802449280726504092570393834423781949440
427 1823092782321211160179285092543112503109877760
428 -553277784039739767496455592675535264510115840
429 137960166384932254341875756364242909669621760
430 -27526262823612647168105687348700571395686400
431 4225513250449302602068676205953054794579968
432 -468549184851838190679528468609337185533952
433 33404889594273335086263666715309541163008
434 -1149880558839799642408675738301069524992
435 4612721810805013860778926504032989544251392
436 48792852122686700750007383648003384532631552
437 -227492932884555693175610848089689148171419648
438 1262533546505225356439256122252206818337062912
439 -5942305652305142181715846759557363940356980736
440 23296777229055931418560475110891079133195632640
441 -76652673530923686531794516093925640065386741760
442 213920729974363517851758610246492059829162967040
443 -511288032532406701850790498246523877318845071360
444 1054959132614419353124903865374516303030753198080
445 -1891119420781859093590352658002991523916992020480
446 2959596756996079377752534707426232248933687787520
447 -4058161264141503522615362877778069842035704135680
448 4887162152592039623458271709872108987838967480320
449 -5176024441064924843608159407893524886636985384960
450 4822624470445895979655329887482483172934775111680
451 -3950104730814183443565956344573191521533219307520
452 2839214922778742179436323135283588493868038881280
453 -1785552592872091809249483034849164990441502801920
454 978305451319107834663343041688105256151165173760
455 -464256745375265396717213367477414856754661949440
456 189331061017702090351739846084890401932323061760
457 -65667372220929532059775604333459664249752125440
458 19103288972399537620116516283305826600102133760
459 -4573872658693892328925594770298012125395681280
460 877662091624854887670097577409777700026974208
461 -129760573647137940177414935964615256993431552
462 13876813718948885900580380820848918761832448
463 -955351673400279845564046916846798306803712
464 31793280592893988135661907601243699675136
465 4261593446455018526224201630397868492152504320
466 46224487601907962626512867343227501135386050560
467 -223851886935872093123905096706884033839981527040
468 1288801818880055700547320268206968184098706882560
469 -6300202195897606032642718989347155405087351111680
470 25690064107141899998225545668514499684759805296640
471 -88053908400925210886920165864791662306175782092800
472 256432868649299268444482704891891845510948229939200
473 -640771815852919173642983355786898116782277594316800
474 1385114971459318965103767287374731277292660131430400
475 -2607147315395737787104002026353287459738327859200000
476 4294981809585642603246173740470951159682011969945600
477 -6216471616152138847431455208727483969368201864806400
478 7926819996449806871753501858111047688917158705561600
479 -8920124609273706559765177953255961545562226560204800
480 8865224095203564813303019146201358311885159682867200
481 -7780019278740517057725929104368051516015724108185600
482 6022229072723440248813089683743723629524195108454400
483 -4102945551871585954001186954803602457385594624409600
484 2452380895306059068173225491334493056394265939148800
485 -1280165027267605649011982486164501159277360893132800
486 580080864874371910724724749435379189271120104652800
487 -226344601763245405737339504447748398628021154611200
488 75252648517472766829055557506128648607921654988800
489 -21020623589751502278252069033817968321984095846400
490 4840287029330998824497494562376889351912952954880
491 -894535272745662088011977393405899129559250370560
492 127551057388818582946351828675805337493742551040
493 -13171936409497558726961571616140648465888706560
494 876702878760722337972166124653510160736583680
495 -28237837593644364300200018352811784001290240
496 262544175231957623749578101613780041342827364352
497 2917831403214152954009792158877627030683400142848
498 -14657514568461958841172031749789639502420829798400
499 87433122695463047753003042250472711656092252897280
