A002398
1,3,23,165,3802,21385,993605,15198435,394722916,3814933122,447827009070,5229570190845,862250830559382,11802457085079375,173406732097447849,5443765223302501102,1545512798280174550240,27361456077246355475168,9725198808628092831434560,191684785790597590357379520,
A002399
0,-1,-16,-177,-5548,-39615,-2236440,-40325915,-1207505768,-13229393814,-1737076976040,-22446050738265,-4058838484620084,-60476452041557409,-961082989270516112,-32455938583801467840,-9864953815464307260416,-186195769473110821485568,-70295408103581007608752128,-1466826914074651849208625152,
A002400
0,0,5,111,5232,49910,3527745,76435695,2673350008,33507517680,4954123399050,71186377398675,14169975006172392,230478985529218998,3970388091885696481,144475785096372785790,47074452451240707794400,948198128552832816972768,380523626987174230020533568,8410876353715824712171150272,
A002402
0,1,8,57,1292,7135,325560,4894715,125078632,1190664342,137798986920,1587893097945,258558380321076,3497709055775649,50821738502398864,1578753057237451050,443765620067972148384,7782162960545368981152,2741163034641146039871936,53564617257321056932436288,1100369599246721379849468160,
A002404
3,-16,111,-2548,14385,-672360,10351845,-270594968,2631486186,-310710613080,3648232023975,-604596371658444,8315244191734623,-122717408718016112,3868618892876082450,-1102643727493413859840,19593301788429800316928,-6988461512994425398099968,138198195880599650561949696,
A002406
1,8,-15,212,-865,31560,-397285,8760472,-73512810,7619823960,-79612742055,11869626289356,-148201090063455,2000757995572336,-58073355854498940,15325818191986259808,-253388757170439512832,84454267865884326014976,-1566608640281391459205120,30637801046762643490078720,
A260780
1,3,-1,23,-16,5,165,-177,111,-27,3802,-5548,5232,-2548,502,21385,-39615,49910,-36490,14385,-2375,993605,-2236440,3527745,-3441280,2035695,-672360,95435,15198435,-40325915,76435695,-93256695,73578505,-36460305,10351845,-1287965,394722916,-1207505768,2673350008,
A260781
1,1,1,5,8,-1,27,57,-15,3,502,1292,-528,212,-38,2375,7135,-3990,2410,-865,135,95435,325560,-232305,187520,-101055,31560,-4315,1287965,4894715,-4262895,4309655,-3099145,1452465,-397285,48125,29960476,125078632,-128928632,156670024,-140927360,88097464,-36153992,8760472,
